14444444444444444444444444444444444444444444444444444444444444444446
20000000000000000000000000000000000000000000000000000000000000000002
20000000000000000000000000000000000000000000000000000000000000000002
20000000000000000000000000000000000000000000000000000000000000000002
20000000000000000004444444444444444444444444000000000000000000000002
20000000000000000000000000000000000000000000000000000000000000000002
20000000000000000000000000000000000000000000000000000000000000000002
20000000000000000004444444444444444444444444000000000000000000000002
20000000000000000000000000000000000000000000000000000000000000000002
20000000000000000000000000000000000000000000000000000000000000000002
20000000000000000004444444444444444444444444000000000000000000000002
20000000000000000000000000000000000000000000000000000000000000000002
20000000000000000000000000000000000000000000000000000000000000000002
20000000000000000004444444444444444444444444000000000000000000000002
20000000000000000000000000000000000000000000000000000000000000000002
20000000000000000000000000000000000000000000000000000000000000000002
20000000000000000004444444444444444444444444000000000000000000000002
20000000000000000000000000000000000000000000000000000000000000000002
20000000000000000000000000000000000000000000000000000000000000000002
34444444444444444444444444444444444444444444444444444444444444444445